
33.543348
17.982008
30.942362
11.76648
32.651344
14.704252
26.078001
29.578269
20.420146
15.160773
14.885724
12.636753
19.635474
15.84976
15.478232
117.79073
37.089086
18.341722
15.519352
20.755915
54.30233
40.077118
23.934421
18.489229
11.214009
27.557952
32.963478
23.04607
18.388476
30.517865
22.113352
21.768999
37.392591
15.987856
41.978357
16.06186
23.712973
26.753935
10.192963
16.108256
32.586562
15.215846
22.450287
17.459564
22.016377
14.010172
20.29475
64.686672
17.099752
15.667041
12.503559
51.504495
45.148335
32.322793
14.911712
21.911323
16.798797
23.358384
13.262042
17.79974
18.82271
19.620779
34.097026
16.055799
20.390846
78.271927
14.55025
16.832196
14.735633
17.845303
23.627169
80.230878
14.830079
42.902566
77.126537
47.477175
19.242414
14.234574